1,1,1,0,0,0
2,3,129,0,0,0
3,5,2,0,0,0
4,7,130,0,0,0
5,9,3,0,0,0
6,11,131,0,0,0
7,13,4,0,0,0
8,15,132,0,0,0
9,17,5,0,0,0
10,19,133,0,0,0
11,21,6,0,0,0
12,23,134,69,0,0
13,25,7,72,0,0
14,27,135,0,0,0
15,29,8,0,0,0
16,31,136,13,0,0
17,33,9,60,0,0
18,35,137,9,0,0
19,37,10,0,0,0
20,39,138,0,0,0
21,41,11,0,0,0
22,43,139,0,0,0
23,45,12,0,0,0
24,47,140,58,0,0
25,49,13,0,0,0
26,51,141,0,0,0
27,53,14,0,0,0
28,55,142,0,0,0
29,57,15,63,0,0
30,59,143,0,0,0
31,61,16,57,0,0
32,63,144,0,0,0
33,65,17,0,0,0
34,67,145,0,0,0
35,69,18,51,0,0
36,71,146,0,0,0
37,73,19,65,0,0
38,75,147,0,0,0
39,77,20,0,0,0
40,79,148,0,0,0
41,81,21,54,0,0
42,83,149,0,0,0
43,85,22,0,0,0
44,87,150,0,0,0
45,89,23,0,0,0
46,91,151,7,0,0
47,93,24,53,0,0
48,95,152,55,0,0
49,97,25,32,0,0
50,99,153,28,0,0
51,101,26,26,0,0
52,103,154,3,0,0
53,105,27,24,0,0
54,107,155,0,0,0
55,109,28,25,0,0
56,111,156,30,0,0
57,113,29,0,0,0
58,115,157,0,0,0
59,117,30,0,0,0
60,119,158,0,0,0
61,121,31,27,0,0
62,123,159,0,0,0
63,125,32,0,0,0
64,127,160,0,0,0
65,129,33,0,0,0
66,131,161,0,0,0
67,133,34,0,0,0
68,135,162,0,0,0
69,137,35,37,0,0
70,139,163,0,0,0
71,141,36,0,0,0
72,143,164,0,0,0
73,145,37,40,0,0
74,147,165,33,0,0
75,149,38,68,0,0
76,151,166,5,0,0
77,153,39,0,0,0
78,155,167,35,0,0
79,157,40,39,0,0
80,159,168,41,0,0
81,161,41,23,0,0
82,163,169,19,0,0
83,165,42,18,0,0
84,167,170,14,0,0
85,169,43,16,0,0
86,171,171,1,0,0
87,173,44,17,0,0
88,175,172,21,0,0
89,177,45,0,0,0
90,179,173,0,0,0
91,181,46,8,0,0
92,183,174,0,0,0
93,185,47,0,0,0
94,187,175,0,0,0
95,189,48,0,0,0
96,191,176,0,0,0
97,193,49,0,0,0
98,195,177,0,0,0
99,197,50,0,0,0
100,199,178,0,0,0
101,201,51,0,0,0
102,203,179,0,0,0
103,205,52,45,0,0
104,207,180,0,0,0
105,209,53,48,0,0
106,211,181,6,0,0
107,213,54,66,0,0
108,215,182,0,0,0
109,217,55,0,0,0
110,219,183,43,0,0
111,221,56,47,0,0
112,223,184,49,0,0
113,225,57,62,0,0
114,227,185,63,0,0
115,229,58,0,0,0
116,231,186,0,0,0
117,233,59,0,0,0
118,235,187,0,0,0
119,237,60,0,0,0
120,239,188,11,0,0
121,241,61,61,0,0
122,243,189,0,0,0
123,245,62,0,0,0
124,247,190,0,0,0
125,249,63,0,0,0
126,251,191,0,0,0
127,253,64,0,0,0
128,255,192,0,0,0
129,2,65,0,0,0
130,4,193,0,0,0
131,6,66,0,0,0
132,8,194,0,0,0
133,10,67,0,0,0
134,12,195,0,0,0
135,14,68,0,0,0
136,16,196,0,0,0
137,18,69,12,0,0
138,20,197,0,0,0
139,22,70,0,0,0
140,24,198,0,0,0
141,26,71,0,0,0
142,28,199,0,0,0
143,30,72,64,0,0
144,32,200,62,0,0
145,34,73,50,0,0
146,36,201,47,0,0
147,38,74,44,0,0
148,40,202,0,0,0
149,42,75,0,0,0
150,44,203,65,0,0
151,46,76,0,0,0
152,48,204,48,0,0
153,50,77,0,0,0
154,52,205,46,0,0
155,54,78,0,0,0
156,56,206,0,0,0
157,58,79,0,0,0
158,60,207,0,0,0
159,62,80,0,0,0
160,64,208,0,0,0
161,66,81,0,0,0
162,68,209,0,0,0
163,70,82,0,0,0
164,72,210,0,0,0
165,74,83,0,0,0
166,76,211,0,0,0
167,78,84,0,0,0
168,80,212,0,0,0
169,82,85,22,0,0
170,84,213,17,0,0
171,86,86,2,0,0
172,88,214,16,0,0
173,90,87,15,0,0
174,92,215,18,0,0
175,94,88,20,0,0
176,96,216,23,0,0
177,98,89,42,0,0
178,100,217,39,0,0
179,102,90,36,0,0
180,104,218,0,0,0
181,106,91,0,0,0
182,108,219,67,0,0
183,110,92,34,0,0
184,112,220,40,0,0
185,114,93,0,0,0
186,116,221,0,0,0
187,118,94,0,0,0
188,120,222,38,0,0
189,122,95,0,0,0
190,124,223,0,0,0
191,126,96,0,0,0
192,128,224,0,0,0
193,130,97,0,0,0
194,132,225,0,0,0
195,134,98,0,0,0
196,136,226,0,0,0
197,138,99,0,0,0
198,140,227,0,0,0
199,142,100,0,0,0
200,144,228,0,0,0
201,146,101,31,0,0
202,148,229,25,0,0
203,150,102,0,0,0
204,152,230,24,0,0
205,154,103,4,0,0
206,156,231,26,0,0
207,158,104,29,0,0
208,160,232,32,0,0
209,162,105,56,0,0
210,164,233,53,0,0
211,166,106,0,0,0
212,168,234,0,0,0
213,170,107,0,0,0
214,172,235,0,0,0
215,174,108,0,0,0
216,176,236,54,0,0
217,178,109,0,0,0
218,180,237,0,0,0
219,182,110,0,0,0
220,184,238,66,0,0
221,186,111,0,0,0
222,188,239,52,0,0
223,190,112,0,0,0
224,192,240,0,0,0
225,194,113,0,0,0
226,196,241,0,0,0
227,198,114,0,0,0
228,200,242,64,0,0
229,202,115,0,0,0
230,204,243,0,0,0
231,206,116,0,0,0
232,208,244,0,0,0
233,210,117,59,0,0
234,212,245,0,0,0
235,214,118,0,0,0
236,216,246,0,0,0
237,218,119,0,0,0
238,220,247,0,0,0
239,222,120,10,0,0
240,224,248,60,0,0
241,226,121,70,0,0
242,228,249,0,0,0
243,230,122,0,0,0
244,232,250,0,0,0
245,234,123,0,0,0
246,236,251,0,0,0
247,238,124,0,0,0
248,240,252,0,0,0
249,242,125,0,0,0
250,244,253,0,0,0
251,246,126,0,0,0
252,248,254,0,0,0
253,250,127,0,0,0
254,252,255,0,0,0
255,254,128,0,0,0
256,256,256,0,0,0
